>> phaseterm_w_refactored(85,-90)
ans =

   0.90904   0.99619   1.08335
  -0.08716   0.00000   0.08716
  -1.08335  -0.99619  -0.90904

>> phaseterm_w_refactored(85,-60)
ans =

   0.92072   0.99619   1.07167
  -0.07548   0.00000   0.07548
  -1.07167  -0.99619  -0.92072

>> phaseterm_w_refactored(85,-45)
ans =

   0.93457   0.99619   1.05782
  -0.06163   0.00000   0.06163
  -1.05782  -0.99619  -0.93457

>> phaseterm_w_refactored(85,-30)
ans =

   0.95262   0.99619   1.03977
  -0.04358   0.00000   0.04358
  -1.03977  -0.99619  -0.95262

>> phaseterm_w_refactored(85,0)
ans =

   0.99619   0.99619   0.99619
   0.00000   0.00000   0.00000
  -0.99619  -0.99619  -0.99619

>> phaseterm_w_refactored(85,30)
ans =

   1.03977   0.99619   0.95262
   0.04358   0.00000  -0.04358
  -0.95262  -0.99619  -1.03977

>> phaseterm_w_refactored(85,60)
ans =

   1.07167   0.99619   0.92072
   0.07548   0.00000  -0.07548
  -0.92072  -0.99619  -1.07167

>> phaseterm_w_refactored(85,45)
ans =

   1.05782   0.99619   0.93457
   0.06163   0.00000  -0.06163
  -0.93457  -0.99619  -1.05782

>> phaseterm_w_refactored(85,90)
ans =

   1.08335   0.99619   0.90904
   0.08716   0.00000  -0.08716
  -0.90904  -0.99619  -1.08335
