
>> phaseterm_w_refactored(85,-90)
ans =

  -0.00033   0.08682   0.17398
  -0.08716   0.00000   0.08716
  -0.17398  -0.08682   0.00033

>> phaseterm_w_refactored(85,-60)
ans =

  -0.03207   0.04341   0.11889
  -0.07548   0.00000   0.07548
  -0.11889  -0.04341   0.03207

>> phaseterm_w_refactored(85,-45)
ans =

  -0.036198   0.025430   0.087059
  -0.061628   0.000000   0.061628
  -0.087059  -0.025430   0.036198

>> phaseterm_w_refactored(85,-30)
ans =

  -0.031946   0.011632   0.055210
  -0.043578   0.000000   0.043578
  -0.055210  -0.011632   0.031946

>> phaseterm_w_refactored(85,0)
ans =

   0   0   0
   0   0   0
   0   0   0

>> phaseterm_w_refactored(85,30)
ans =

   0.055210   0.011632  -0.031946
   0.043578   0.000000  -0.043578
   0.031946  -0.011632  -0.055210

>> phaseterm_w_refactored(85,45)
ans =

   0.087059   0.025430  -0.036198
   0.061628   0.000000  -0.061628
   0.036198  -0.025430  -0.087059

>> phaseterm_w_refactored(85,60)
ans =

   0.11889   0.04341  -0.03207
   0.07548   0.00000  -0.07548
   0.03207  -0.04341  -0.11889

>> phaseterm_w_refactored(85,90)
ans =

   0.17398   0.08682  -0.00033
   0.08716   0.00000  -0.08716
   0.00033  -0.08682  -0.17398
