
>> phaseterm_w_refactored(85,-90)
ans =

   0.89390   0.98106   1.06822
  -0.08716   0.00000   0.08716
  -1.06822  -0.98106  -0.89390

>> phaseterm_w_refactored(85,-60)
ans =

   0.89801   0.97349   1.04897
  -0.07548   0.00000   0.07548
  -1.04897  -0.97349  -0.89801

>> phaseterm_w_refactored(85,-45)
ans =

   0.90873   0.97036   1.03199
  -0.06163   0.00000   0.06163
  -1.03199  -0.97036  -0.90873

>> phaseterm_w_refactored(85,-30)
ans =

   0.92438   0.96795   1.01153
  -0.04358   0.00000   0.04358
  -1.01153  -0.96795  -0.92438

>> phaseterm_w_refactored(85,0)
ans =

   0.96593   0.96593   0.96593
   0.00000   0.00000   0.00000
  -0.96593  -0.96593  -0.96593

>> phaseterm_w_refactored(85,30)
ans =

   1.01153   0.96795   0.92438
   0.04358   0.00000  -0.04358
  -0.92438  -0.96795  -1.01153

>> phaseterm_w_refactored(85,45)
ans =

   1.03199   0.97036   0.90873
   0.06163   0.00000  -0.06163
  -0.90873  -0.97036  -1.03199

>> phaseterm_w_refactored(85,60)
ans =

   1.04897   0.97349   0.89801
   0.07548   0.00000  -0.07548
  -0.89801  -0.97349  -1.04897

>> phaseterm_w_refactored(85,90)
ans =

   1.06822   0.98106   0.89390
   0.08716   0.00000  -0.08716
  -0.89390  -0.98106  -1.06822
