>> phaseterm_w_refactored(90,-90)
ans =

   1   1   1
   0   0   0
  -1  -1  -1
>> phaseterm_w_refactored(90,-60)
ans =

   1   1   1
   0   0   0
  -1  -1  -1
>> phaseterm_w_refactored(90,-45)
ans =

   1   1   1
   0   0   0
  -1  -1  -1
>> phaseterm_w_refactored(90,-30)
ans =

   1   1   1
   0   0   0
  -1  -1  -1
>> phaseterm_w_refactored(90,0)
ans =

   1   1   1
   0   0   0
  -1  -1  -1
>> phaseterm_w_refactored(90,30)
ans =

   1   1   1
   0   0   0
  -1  -1  -1
>> phaseterm_w_refactored(90,45)
ans =

   1   1   1
   0   0   0
  -1  -1  -1
>> phaseterm_w_refactored(90,60)
ans =

   1   1   1
   0   0   0
  -1  -1  -1
>> phaseterm_w_refactored(90,90)
ans =

   1   1   1
   0   0   0
  -1  -1  -1




>> phaseterm_w_refactored(-90,-90)
ans =

  -1  -1  -1
   0   0   0
   1   1   1

>> phaseterm_w_refactored(-90,-60)
ans =

  -1  -1  -1
   0   0   0
   1   1   1
>> phaseterm_w_refactored(-90,-45)
ans =

  -1  -1  -1
   0   0   0
   1   1   1
>> phaseterm_w_refactored(-90,-30)
ans =

  -1  -1  -1
   0   0   0
   1   1   1
>> phaseterm_w_refactored(-90,0)
ans =

  -1  -1  -1
   0   0   0
   1   1   1
>> phaseterm_w_refactored(-90,30)
ans =

  -1  -1  -1
   0   0   0
   1   1   1
>> phaseterm_w_refactored(-90,45)
ans =

  -1  -1  -1
   0   0   0
   1   1   1
>> phaseterm_w_refactored(-90,60)
ans =

  -1  -1  -1
   0   0   0
   1   1   1
>> phaseterm_w_refactored(-90,90)
ans =

  -1  -1  -1
   0   0   0
   1   1   1
