=================
latitude = +10 degrees
>> phaseterm_w_refactored(90,-90)
ans =

   0.98481   0.98481   0.98481
   0.00000   0.00000   0.00000
  -0.98481  -0.98481  -0.98481

>> phaseterm_w_refactored(90,-60)
ans =

   0.98481   0.98481   0.98481
   0.00000   0.00000   0.00000
  -0.98481  -0.98481  -0.98481

>> phaseterm_w_refactored(90,-45)
ans =

   0.98481   0.98481   0.98481
   0.00000   0.00000   0.00000
  -0.98481  -0.98481  -0.98481

>> phaseterm_w_refactored(90,-30)
ans =

   0.98481   0.98481   0.98481
   0.00000   0.00000   0.00000
  -0.98481  -0.98481  -0.98481

>> phaseterm_w_refactored(90,0)
ans =

   0.98481   0.98481   0.98481
   0.00000   0.00000   0.00000
  -0.98481  -0.98481  -0.98481

>> phaseterm_w_refactored(90,30)
ans =

   0.98481   0.98481   0.98481
   0.00000   0.00000   0.00000
  -0.98481  -0.98481  -0.98481

>> phaseterm_w_refactored(90,45)
ans =

   0.98481   0.98481   0.98481
   0.00000   0.00000   0.00000
  -0.98481  -0.98481  -0.98481

>> phaseterm_w_refactored(90,60)
ans =

   0.98481   0.98481   0.98481
   0.00000   0.00000   0.00000
  -0.98481  -0.98481  -0.98481

>> phaseterm_w_refactored(90,90)
ans =

   0.98481   0.98481   0.98481
   0.00000   0.00000   0.00000
  -0.98481  -0.98481  -0.98481

>> phaseterm_w_refactored(-90,-90)
ans =

  -0.98481  -0.98481  -0.98481
   0.00000   0.00000   0.00000
   0.98481   0.98481   0.98481

>> phaseterm_w_refactored(-90,-60)
ans =

  -0.98481  -0.98481  -0.98481
   0.00000   0.00000   0.00000
   0.98481   0.98481   0.98481

>> phaseterm_w_refactored(-90,-45)
ans =

  -0.98481  -0.98481  -0.98481
   0.00000   0.00000   0.00000
   0.98481   0.98481   0.98481

>> phaseterm_w_refactored(-90,-30)
ans =

  -0.98481  -0.98481  -0.98481
   0.00000   0.00000   0.00000
   0.98481   0.98481   0.98481

>> phaseterm_w_refactored(-90,0)
ans =

  -0.98481  -0.98481  -0.98481
   0.00000   0.00000   0.00000
   0.98481   0.98481   0.98481

>> phaseterm_w_refactored(-90,30)
ans =

  -0.98481  -0.98481  -0.98481
   0.00000   0.00000   0.00000
   0.98481   0.98481   0.98481

>> phaseterm_w_refactored(-90,45)
ans =

  -0.98481  -0.98481  -0.98481
   0.00000   0.00000   0.00000
   0.98481   0.98481   0.98481

>> phaseterm_w_refactored(-90,60)
ans =

  -0.98481  -0.98481  -0.98481
   0.00000   0.00000   0.00000
   0.98481   0.98481   0.98481

>> phaseterm_w_refactored(-90,90)
ans =

  -0.98481  -0.98481  -0.98481
   0.00000   0.00000   0.00000
   0.98481   0.98481   0.98481

