ref=1
phaseterm_w_dbg(45,-45)
wmat =

   1.41421   1.91421   2.41421
   0.70711   1.20711   1.70711
   0.00000   0.50000   1.00000
==========================================
phaseterm_w_dbg(-45,45)
wmat =

  -1.41421  -1.91421  -2.41421
  -0.70711  -1.20711  -1.70711
   0.00000  -0.50000  -1.00000
=========================================

ref=5
phaseterm_w_dbg(45,-45)
wmat =

   0.20711   0.70711   1.20711
  -0.50000   0.00000   0.50000
  -1.20711  -0.70711  -0.20711
----------------------------------------
phaseterm_w_dbg(-45,45)
wmat =

  -0.20711  -0.70711  -1.20711
   0.50000   0.00000  -0.50000
   1.20711   0.70711   0.20711


phaseterm_w_dbg(45,-30)   0.35355   0.70711   1.06066
  -0.35355   0.00000   0.35355
  -1.06066  -0.70711  -0.35355

wmat =

   0.35355   0.70711   1.06066
  -0.35355   0.00000   0.35355
  -1.06066  -0.70711  -0.35355

